TOPLINE
1 1431 -296.49114990234 1468.1121826172 3.0108458995819 0 0 89.95240020752 0
0 2850 -285.27294921875 1514.6596679688 8.0087070465088 0 0 -89.744110107422 0
2 1485 -290.90908813477 1458.2595214844 8.664041519165 0 -0.9666668176651 -181.11514282227 0
3 2850 -286.33847045898 1595.2333984375 7.9905052185059 0 0 -88.900779724121 0
4 2139 -289.98385620117 1677.8122558594 6.7713375091553 0 -1.8999998569489 -4.2811279296875 0
5 2087 -269.67935180664 1743.4588623047 8.5432090759277 0 0 8.3790035247803 0
6 358 -291.00061035156 1638.2982177734 11.568309783936 0 0 1.2826555967331 0
7 467 -304.74804868372 1722.5166162758 10.677180290222 0 0 70.768898010254 0
8 467 -277.89604340489 1713.8888566487 10.564453125 0 0 -106.85565948486 0
9 467 -303.04818326628 1718.9445817747 10.59136390686 0 0 112.76969146729 0
10 467 -279.68237304688 1715.3142089844 10.394031524658 0 0 -176.20526123047 0
11 358 -284.44665527344 1639.8214111328 11.899977684021 0 0 -176.62576293945 0
12 386 -284.12228393555 1649.1511230469 10.823588371277 0 0 2.6745779514313 0
13 448 -283.45077514648 1645.9987792969 9.049129486084 0 0 177.36393737793 0
14 468 -291.03948974609 1642.9603271484 10.361000061035 0 0 183.81619262695 0
15 469 -284.25469970703 1654.5187988281 7.8350458145142 0 0 59.425350189209 0
16 468 -291.34729003906 1648.4849853516 10.535396575928 -1.5 -4.7683716530855e-008 183.43949890137 0
17 2314 -292.04357910156 1738.19140625 13.316924095154 -2 0 4.8433971405029 0
18 386 -282.40563964844 1738.3271484375 9.7653570175171 0 0 1.6624960899353 0
19 386 -291.89175415039 1746.9807128906 9.390908241272 0 0 87.058738708496 0
20 386 -304.52947998047 1738.4906005859 9.9696397781372 0 2 -175.3717956543 0
21 440 -281.92095947266 1743.6584472656 6.2706537246704 0 0 171.39743041992 0
22 440 -288.63092041016 1748.0593261719 7.189772605896 0 0 159.80400085449 0
23 440 -299.4108581543 1748.2326660156 7.4704351425171 0 0 -137.84208679199 0
24 440 -304.50479125977 1743.2158203125 7.6300935745239 0 0 -137.84208679199 0
25 440 -278.90808105469 1730.5581054688 7.1220808029175 0 0 66.499565124512 0
26 440 -307.09631347656 1733.5506591797 7.5196571350098 -1 0 -93.928436279297 0
27 440 -317.62847900391 1732.5502929688 8.1827363967896 0 0 -142.85206604004 0
28 440 -325.5871887207 1743.0620117188 7.5899257659912 0 0 156.38409423828 0
29 440 -329.62829589844 1752.2877197266 7.4513568878174 0 0 121.91709899902 0
30 440 -317.71966552734 1752.1921386719 7.2013692855835 0 0 161.39747619629 0
31 440 -308.16485595703 1758.8494873047 6.6964092254639 0 0 162.96415710449 0
32 440 -297.70477294922 1759.7036132813 6.5516319274902 0 0 -169.77557373047 0
33 440 -290.11514282227 1759.0114746094 6.7190628051758 0 0 151.37071228027 0
34 440 -267.349609375 1732.1451416016 7.428032875061 0 0 -168.83557128906 0
35 440 -259.40258789063 1733.1989746094 7.1931447982788 0 0 -168.83557128906 0
36 440 -253.17306518555 1733.3432617188 7.0360298156738 0 0 -167.89555358887 0
37 440 -244.22393798828 1734.1417236328 6.9449520111084 0 0 -149.09538269043 0
38 467 -267.38293504576 1709.823629654 10.245205879211 0 0 174.64064025879 0
39 467 -259.56936693053 1710.6656706696 10.017470359802 0 0 174.64064025879 0
40 467 -251.45227098326 1712.6744597321 9.7071142196655 0 0 174.64064025879 0
41 467 -242.70176999043 1716.9069362792 9.4317092895508 0 0 -166.55917358398 0
42 467 -234.35865670206 1717.4392492736 9.2303972244263 0 0 -164.3657989502 0
43 467 -222.60431832111 1719.9970998467 9.0914936065674 0 0 -142.43226623535 0
44 467 -227.54835796981 1717.3313704721 9.0962581634521 0 0 -163.73915100098 0
45 467 -315.30837087892 1724.0895945092 10.352039337158 0 0 175.26733398438 0
46 467 -321.57121877931 1724.3464304467 10.36026096344 0 0 175.26733398438 0
47 467 -328.67232351564 1727.5196482202 10.27542591095 0 0 175.26733398438 0
48 467 -334.79685330819 1728.8874072684 10.230340957642 0 0 -170.63252258301 0
49 3100 -248.51507568359 1724.5007324219 33.990917205811 0 0 -109.21862792969 0
50 440 -233.1867163238 1730.5334802566 8.9339179992676 0 0 -144.93203735352 0
51 440 -238.73788738393 1722.9905283135 9.0918226242065 0 0 -170.93894958496 0
52 358 -286.21517944336 1670.1231689453 12.571335792542 0 0 6.6526050567627 0
53 358 -291.88967895508 1670.8370361328 12.384783744812 0 0 6.6526050567627 0
54 358 -291.51815795898 1658.6778564453 10.624279975891 0 0 5.0859236717224 0
55 358 -285.85022112295 1658.2059577697 10.797929763794 0 0 5.0859236717224 0
56 358 -293.33462524414 1688.7487792969 12.735354423523 0 0 -174.43241882324 0
57 358 -287.0341796875 1687.9478759766 12.918070793152 0 0 -174.43241882324 0