130 1337
131 1337
132 1337
133 1337
134 1337
135 1337
136 1337
137 1337
138 1337
139 1337
140 1337
141 1337
142 1337
143 1337
144 1337
145 1337
146 1337
147 1337
148 1337
149 1337
150 1337
151 1337
152 1337
153 1337
154 1337
155 1337
156 1337
157 1337
158 1337
159 1337
160 1337
161 1337
162 1337
163 1337
164 1337
165 1337
166 1337
167 1337
168 1337
169 1337
170 1337
171 1337
172 1337
173 1337
174 1337
175 1337
176 1337
177 1337
178 1337
179 1337
180 1337
181 1337
182 1337
183 1337
184 1337
185 1337
186 1337
187 1337
188 1337
189 1337
190 1337
191 1337
192 1337
193 1337
194 1337
195 1337
196 1337
197 1337
198 1337
199 1337
200 1337
201 1337
202 1337
203 1337
204 1337
205 1337
206 1337
207 1337
208 1337
209 1337
210 1337
211 1337
212 1337
213 1337
214 1337
215 1337
216 1337
217 1337
218 1337
219 1337
220 1337
221 1337
222 1337
223 1337
224 1337
225 1337
226 1337
227 1337
228 1337
229 1337
230 1337
231 1337
232 1337
233 1337
234 1337
235 1337
236 1337